Direct: 136.68739771842957
DE: 4518.163588762283
BH: 7995.906720161438
